GREEN-1 1 8 12 8 40 13
GREEN-5 1 8 13 8 30 9
GREEN-3 1 8 28 8 57 21
GREEN-6 1 8 50 9 13 9
GREEN-5 1 8 52 9 15 13
GREEN-1 1 8 56 9 18 11
GREEN-4 1 8 59 9 42 21
GREEN-3 1 9 9 9 42 21
GREEN-5 1 9 21 9 56 21
GREEN-1 1 9 26 9 50 10
GREEN-6 1 9 27 10 1 21
GREEN-3 1 9 48 10 15 18
GREEN-4 1 9 49 10 4 8
GREEN-1 1 10 15 10 36 15
GREEN-6 1 10 18 10 33 10
GREEN-5 1 10 19 10 42 10
GREEN-4 1 10 30 11 0 21
GREEN-3 1 10 33 10 47 8
GREEN-6 1 10 53 11 18 18
GREEN-1 1 10 55 11 25 13
GREEN-3 1 10 59 11 22 13
GREEN-5 1 10 59 11 17 13
GREEN-4 1 11 25 11 46 13
GREEN-6 1 11 26 11 57 21
GREEN-5 1 11 31 12 0 19
GREEN-1 1 11 39 12 4 10
GREEN-3 1 11 43 12 24 20
GREEN-4 1 12 7 12 35 13
GREEN-5 1 12 8 12 27 13
GREEN-6 1 12 10 12 50 19
GREEN-1 1 12 22 12 45 10
GREEN-3 1 12 40 13 16 15
GREEN-4 1 12 46 12 59 9
GREEN-1 1 12 53 13 11 12
GREEN-5 1 12 53 13 5 9
GREEN-6 1 13 5 13 33 12
GREEN-4 1 13 24 13 41 8
GREEN-3 1 13 27 13 46 14
GREEN-5 1 13 29 13 57 18
GREEN-1 1 13 34 14 6 17
GREEN-3 1 13 53 14 21 21
GREEN-6 1 14 1 14 13 8
GREEN-4 1 14 6 14 21 11
GREEN-5 1 14 14 14 41 18
GREEN-1 1 14 27 14 52 18
GREEN-6 1 14 42 15 9 20
GREEN-4 1 14 49 15 14 19
GREEN-3 1 14 51 15 9 12
GREEN-5 1 14 58 15 21 15
GREEN-1 1 15 3 15 37 19
GREEN-5 1 15 28 16 14 20
GREEN-4 1 15 29 15 48 13
GREEN-6 1 15 32 16 4 21
GREEN-3 1 15 38 16 8 19
GREEN-1 1 15 47 16 3 11
GREEN-3 1 16 15 16 38 9
GREEN-4 1 16 19 16 34 8
GREEN-6 1 16 21 16 49 12
GREEN-5 1 16 30 16 58 16
GREEN-1 1 16 33 17 16 19
GREEN-3 1 17 0 17 27 20
GREEN-4 1 17 2 17 34 16
GREEN-6 1 17 6 17 36 19
GREEN-5 1 17 18 17 46 17
GREEN-3 1 17 34 18 6 20
GREEN-1 1 17 43 18 8 10
GREEN-4 1 17 51 18 19 11
GREEN-4 2 8 2 8 19 11
GREEN-3 2 8 9 8 46 18
GREEN-6 2 8 9 8 29 15
GREEN-2 2 8 32 8 58 11
GREEN-5 2 8 41 9 9 20
GREEN-4 2 8 46 9 11 13
GREEN-3 2 8 54 9 16 10
GREEN-6 2 8 58 9 26 16
GREEN-2 2 9 14 9 42 21
GREEN-3 2 9 31 10 2 14
GREEN-5 2 9 39 10 6 12
GREEN-4 2 9 42 10 15 19
GREEN-6 2 9 49 10 12 9
GREEN-2 2 9 50 10 1 8
GREEN-2 2 10 13 10 59 20
GREEN-3 2 10 13 10 51 19
GREEN-4 2 10 24 11 14 21
GREEN-5 2 10 27 10 54 13
GREEN-6 2 10 39 10 53 10
GREEN-2 2 11 13 11 40 16
GREEN-3 2 11 17 11 54 18
GREEN-6 2 11 17 11 28 8
GREEN-5 2 11 18 11 41 17
GREEN-4 2 11 32 11 53 9
GREEN-2 2 11 46 12 8 9
GREEN-6 2 11 50 12 15 16
GREEN-5 2 11 54 12 12 12
GREEN-4 2 12 4 12 54 20
GREEN-3 2 12 6 12 36 13
GREEN-2 2 12 29 13 5 17
GREEN-5 2 12 34 13 0 13
GREEN-6 2 12 45 13 13 12
GREEN-3 2 12 46 13 7 12
GREEN-2 2 13 17 13 47 12
GREEN-4 2 13 18 13 38 9
GREEN-5 2 13 20 13 41 13
GREEN-3 2 13 25 13 46 16
GREEN-6 2 13 31 13 45 10
GREEN-4 2 13 59 14 21 14
GREEN-5 2 14 0 14 20 15
GREEN-3 2 14 4 14 22 9
GREEN-2 2 14 5 14 17 8
GREEN-6 2 14 12 14 36 13
GREEN-2 2 14 25 14 37 8
GREEN-5 2 14 30 15 12 21
GREEN-3 2 14 39 15 17 18
GREEN-2 2 14 43 15 3 14
GREEN-4 2 14 44 15 12 15
GREEN-6 2 14 45 15 31 18
GREEN-5 2 15 22 15 34 9
GREEN-2 2 15 23 15 45 11
GREEN-3 2 15 36 16 0 16
GREEN-4 2 15 39 16 7 14
GREEN-5 2 15 40 16 0 15
GREEN-6 2 15 55 16 31 19
GREEN-2 2 16 9 16 24 9
GREEN-5 2 16 12 16 33 14
GREEN-3 2 16 13 16 30 11
GREEN-4 2 16 19 16 39 11
GREEN-6 2 16 38 17 9 17
GREEN-3 2 16 45 17 9 12
GREEN-5 2 16 47 17 26 17
GREEN-2 2 16 50 17 12 11
GREEN-4 2 16 52 17 22 15
GREEN-3 2 17 18 17 50 14
GREEN-6 2 17 18 17 41 17
GREEN-2 2 17 28 17 53 10
GREEN-4 2 17 29 17 49 13
GREEN-5 2 17 53 18 10 9
GREEN-1 3 8 1 8 22 16
GREEN-6 3 8 4 8 22 12
GREEN-2 3 8 5 8 36 20
GREEN-5 3 8 7 8 53 21
GREEN-1 3 8 30 8 46 12
GREEN-3 3 8 44 9 24 21
GREEN-6 3 8 46 9 4 8
GREEN-2 3 9 4 9 23 13
GREEN-1 3 9 17 9 49 16
GREEN-5 3 9 22 9 47 15
GREEN-6 3 9 27 10 8 20
GREEN-2 3 9 31 10 7 21
GREEN-3 3 9 35 10 8 19
GREEN-1 3 10 10 10 33 17
GREEN-5 3 10 13 10 47 15
GREEN-6 3 10 26 10 39 10
GREEN-2 3 10 29 11 5 20
GREEN-3 3 10 29 10 52 10
GREEN-1 3 10 50 11 7 8
GREEN-6 3 11 6 11 47 20
GREEN-2 3 11 14 11 46 17
GREEN-5 3 11 14 11 33 13
GREEN-3 3 11 23 11 39 12
GREEN-1 3 11 28 12 6 21
GREEN-5 3 11 48 12 8 12
GREEN-3 3 11 56 12 32 17
GREEN-6 3 12 13 12 40 11
GREEN-2 3 12 16 12 48 13
GREEN-5 3 12 28 12 53 17
GREEN-1 3 12 30 12 51 9
GREEN-3 3 12 41 13 3 14
GREEN-6 3 12 46 12 57 8
GREEN-6 3 13 12 13 55 19
GREEN-5 3 13 15 13 27 9
GREEN-2 3 13 18 13 39 14
GREEN-1 3 13 21 13 34 10
GREEN-3 3 13 34 13 46 8
GREEN-2 3 13 51 14 21 20
GREEN-5 3 13 53 14 20 13
GREEN-1 3 14 4 14 22 10
GREEN-6 3 14 8 14 23 9
GREEN-3 3 14 12 14 26 8
GREEN-5 3 14 39 15 9 16
GREEN-2 3 14 43 15 11 17
GREEN-6 3 14 46 15 8 16
GREEN-3 3 14 48 15 23 19
GREEN-1 3 14 51 15 21 14
GREEN-6 3 15 28 16 4 19
GREEN-3 3 15 32 15 51 14
GREEN-5 3 15 39 16 1 14
GREEN-2 3 15 40 16 3 11
GREEN-1 3 15 44 16 26 20
GREEN-3 3 16 6 16 36 17
GREEN-6 3 16 12 16 38 17
GREEN-5 3 16 14 16 46 19
GREEN-2 3 16 18 16 32 8
GREEN-3 3 16 43 17 11 15
GREEN-6 3 16 46 17 26 20
GREEN-1 3 16 47 17 0 9
GREEN-2 3 17 1 17 26 15
GREEN-5 3 17 9 17 35 13
GREEN-3 3 17 21 17 34 10
GREEN-2 3 17 43 18 13 13
GREEN-3 3 17 43 18 18 20
GREEN-5 3 17 50 18 4 10
GREEN-6 3 17 54 18 35 18
GREEN-5 4 8 1 8 14 9
GREEN-6 4 8 16 8 41 19
GREEN-1 4 8 19 8 47 14
GREEN-4 4 8 35 8 52 8
GREEN-5 4 8 37 9 0 15
GREEN-2 4 8 42 9 1 14
GREEN-6 4 8 59 9 11 8
GREEN-2 4 9 7 9 29 14
GREEN-1 4 9 9 9 33 17
GREEN-6 4 9 18 9 39 13
GREEN-4 4 9 19 10 5 18
GREEN-5 4 9 26 9 46 11
GREEN-1 4 9 41 9 56 10
GREEN-2 4 9 43 10 4 13
GREEN-6 4 9 49 10 9 14
GREEN-1 4 10 4 10 35 14
GREEN-2 4 10 11 10 31 11
GREEN-5 4 10 14 10 30 10
GREEN-4 4 10 24 11 2 20
GREEN-2 4 10 38 11 0 13
GREEN-6 4 10 38 10 55 8
GREEN-1 4 10 57 11 20 16
GREEN-5 4 10 58 11 30 15
GREEN-6 4 11 16 11 50 18
GREEN-4 4 11 18 11 42 10
GREEN-2 4 11 30 11 55 16
GREEN-1 4 11 40 12 18 20
GREEN-5 4 11 50 12 12 16
GREEN-6 4 12 5 12 21 11
GREEN-4 4 12 13 12 49 19
GREEN-2 4 12 14 12 35 13
GREEN-5 4 12 23 12 48 10
GREEN-6 4 12 32 13 1 19
GREEN-1 4 12 34 12 46 9
GREEN-5 4 12 59 13 36 15
GREEN-1 4 13 5 13 28 13
GREEN-2 4 13 6 13 26 11
GREEN-4 4 13 12 13 40 20
GREEN-6 4 13 18 13 46 15
GREEN-1 4 13 44 14 21 20
GREEN-2 4 13 47 14 22 17
GREEN-6 4 13 54 14 33 19
GREEN-5 4 14 0 14 32 16
GREEN-4 4 14 8 14 26 8
GREEN-1 4 14 38 14 54 10
GREEN-4 4 14 46 14 57 8
GREEN-6 4 14 46 15 25 17
GREEN-2 4 14 47 15 23 18
GREEN-5 4 14 50 15 7 11
GREEN-1 4 15 17 15 42 15
GREEN-4 4 15 18 15 56 18
GREEN-5 4 15 29 16 6 18
GREEN-2 4 15 35 16 7 14
GREEN-1 4 15 52 16 15 9
GREEN-6 4 15 53 16 22 21
GREEN-2 4 16 16 16 40 11
GREEN-4 4 16 27 16 51 11
GREEN-1 4 16 34 17 9 19
GREEN-5 4 16 36 16 55 8
GREEN-2 4 16 48 17 25 18
GREEN-6 4 16 48 17 14 10
GREEN-4 4 17 17 17 48 18
GREEN-5 4 17 17 18 11 21
GREEN-1 4 17 26 17 56 14
GREEN-6 4 17 31 18 6 19
GREEN-2 4 17 42 18 0 13
GREEN-2 5 8 0 8 39 21
GREEN-4 5 8 4 8 38 16
GREEN-3 5 8 7 8 41 21
GREEN-5 5 8 25 8 52 18
GREEN-4 5 8 47 9 10 17
GREEN-1 5 8 56 9 7 8
GREEN-2 5 8 57 9 24 18
GREEN-5 5 9 4 9 15 8
GREEN-3 5 9 8 9 23 9
GREEN-1 5 9 17 9 42 17
GREEN-5 5 9 30 9 52 15
GREEN-2 5 9 31 10 7 15
GREEN-4 5 9 39 10 4 15
GREEN-3 5 9 48 10 26 19
GREEN-1 5 10 5 10 23 8
GREEN-5 5 10 8 10 38 13
GREEN-4 5 10 16 10 50 17
GREEN-2 5 10 31 10 57 19
GREEN-1 5 10 32 11 11 21
GREEN-3 5 10 43 11 0 13
GREEN-5 5 10 52 11 29 18
GREEN-2 5 11 12 11 32 9
GREEN-4 5 11 13 11 46 13
GREEN-3 5 11 14 11 35 11
GREEN-1 5 11 39 11 56 10
GREEN-2 5 11 48 12 42 21
GREEN-5 5 11 51 12 35 20
GREEN-3 5 12 6 12 30 17
GREEN-4 5 12 14 12 38 14
GREEN-1 5 12 26 12 58 18
GREEN-3 5 12 52 13 14 13
GREEN-4 5 12 56 13 11 8
GREEN-5 5 13 1 13 22 9
GREEN-1 5 13 11 13 45 16
GREEN-2 5 13 13 13 31 10
GREEN-4 5 13 24 13 51 14
GREEN-3 5 13 29 13 49 8
GREEN-2 5 13 39 14 8 20
GREEN-5 5 13 47 14 0 10
GREEN-1 5 14 3 14 20 8
GREEN-4 5 14 7 14 20 9
GREEN-5 5 14 10 14 30 11
GREEN-3 5 14 14 14 30 9
GREEN-4 5 14 29 14 51 16
GREEN-2 5 14 30 14 54 16
GREEN-1 5 14 41 14 57 10
GREEN-5 5 14 49 15 14 15
GREEN-3 5 14 53 15 18 17
GREEN-1 5 15 9 15 54 19
GREEN-4 5 15 11 15 25 9
GREEN-2 5 15 23 15 53 17
GREEN-3 5 15 26 16 6 18
GREEN-5 5 15 27 15 39 9
GREEN-4 5 15 31 15 54 14
GREEN-5 5 16 2 16 19 13
GREEN-1 5 16 12 16 34 14
GREEN-3 5 16 17 16 47 18
GREEN-4 5 16 17 16 32 8
GREEN-2 5 16 22 16 51 15
GREEN-5 5 16 29 16 56 19
GREEN-4 5 16 46 17 8 10
GREEN-1 5 16 50 17 6 9
GREEN-3 5 16 58 17 33 16
GREEN-4 5 17 17 17 49 15
GREEN-1 5 17 19 17 55 15
GREEN-5 5 17 19 17 48 17
GREEN-2 5 17 20 17 36 8
GREEN-5 5 17 57 18 22 12
GREEN-2 5 17 59 18 26 19
GREEN-3 5 17 59 18 21 15