100
3175 7 9
1598 24 33
2434 50 55
5062 66 73
3891 78 80
3378 92 98
2221 105 105
3415 118 120
1567 139 147
1145 156 156
2554 168 177
2827 195 197
1262 212 220
105 239 245
2941 259 260
2797 268 268
1590 282 288
4075 307 316
444 327 336
2224 348 353
847 363 367
1419 372 376
4463 387 392
2468 404 408
579 425 428
3404 436 444
754 455 457
5307 468 474
5390 484 489
4521 501 504
205 516 521
1543 533 539
177 556 557
4873 563 570
2377 575 583
1700 593 594
5729 604 604
2957 623 623
693 634 639
2824 645 649
3894 661 665
1360 683 686
1714 694 697
5170 710 711
2343 718 719
4294 725 729
3035 744 750
2283 756 759
471 777 785
506 791 794
4516 810 819
4454 832 840
276 851 856
2145 871 880
4569 888 888
1518 904 908
1768 913 922
2054 938 946
3206 960 966
774 973 974
3570 984 984
3401 1001 1003
2857 1013 1017
4156 1022 1025
4815 1041 1045
4890 1064 1073
2271 1086 1089
2246 1103 1103
585 1122 1131
1274 1143 1150
3087 1160 1162
5009 1168 1175
4486 1191 1192
379 1204 1211
420 1230 1231
3418 1246 1247
752 1257 1261
831 1271 1276
4025 1282 1282
562 1292 1300
2416 1314 1319
2671 1328 1329
3195 1344 1347
2309 1365 1366
3857 1385 1388
230 1394 1402
4353 1418 1426
2755 1444 1449
4898 1461 1468
5749 1485 1493
887 1500 1504
1838 1516 1520
2319 1528 1528
2200 1542 1543
1436 1555 1563
5835 1573 1574
3960 1590 1594
4769 1610 1617
3776 1635 1643
3793 1648 1648