100
330 430 362 327 255 388
231 179 35 164 287 488
318 341 556 43 53 13
221 575 85 523 285 481
277 469 71 384 87 567
456 64 285 112 443 130
342 -1 -1 371 -1 134
371 567 410 216 263 419
60 -1 401 403 -1 215
78 190 219 343 -1 381
594 62 126 97 392 152
249 285 375 -1 67 394
191 -1 118 222 493 -1
59 503 58 586 282 587
34 271 12 -1 170 73
216 289 -1 191 249 39
131 340 520 306 551 -1
553 50 167 6 506 -1
389 505 159 -1 352 13
99 222 -1 -1 342 423
442 578 150 346 356 344
384 535 409 270 588 70
179 489 238 529 349 530
580 354 396 320 139 237
255 364 12 181 397 175
231 450 528 -1 -1 56
342 355 345 -1 582 193
259 538 -1 59 591 157
484 423 61 -1 212 282
600 90 521 -1 -1 370
101 -1 509 485 342 -1
245 -1 -1 419 273 434
31 220 10 139 -1 216
567 450 -1 313 33 120
108 -1 -1 279 525 567
557 423 20 99 373 -1
347 143 561 369 322 354
451 579 333 128 134 -1
132 342 272 583 409 52
35 -1 293 529 586 371
108 15 41 408 273 322
365 429 282 274 544 83
13 456 193 231 353 499
312 1 188 256 532 -1
408 274 291 474 138 529
153 128 311 16 125 -1
255 225 279 167 -1 485
519 71 311 80 -1 423
238 340 110 87 -1 75
214 565 -1 449 56 131
51 332 351 -1 126 173
145 61 -1 -1 558 -1
402 472 170 352 -1 -1
308 349 473 364 132 274
140 570 565 480 379 525
299 507 117 464 -1 209
518 -1 590 288 299 -1
384 222 83 494 114 307
73 589 -1 518 584 577
474 247 216 240 -1 245
466 556 -1 33 436 -1
7 463 89 48 54 404
487 260 452 498 228 58
163 79 34 181 158 274
315 266 512 261 497 -1
306 52 -1 419 468 467
409 108 42 6 536 81
119 276 27 480 47 312
530 294 249 105 286 -1
471 334 96 87 390 324
78 236 -1 96 -1 -1
543 327 -1 547 50 481
435 240 -1 256 284 349
197 455 -1 439 461 -1
6 185 140 303 573 335
275 -1 374 518 95 596
490 -1 -1 -1 381 570
38 255 156 510 20 576
72 267 236 -1 112 241
322 409 -1 568 -1 56
273 -1 52 143 504 -1
314 -1 258 41 152 -1
133 152 79 8 70 372
147 225 28 187 -1 384
485 385 221 -1 470 174
43 411 229 381 557 513
255 333 173 424 249 217
582 218 239 -1 140 210
563 155 230 419 539 73
596 150 64 571 141 414
232 -1 439 -1 379 80
228 225 450 143 104 270
178 532 212 444 334 121
381 521 565 451 -1 90
581 -1 425 426 -1 176
404 -1 251 79 363 -1
230 538 -1 12 588 90
356 539 245 332 163 274
583 16 533 426 167 537
315 -1 376 198 581 102
