100 4855
3603
2608
6999
2632
2611
4790
844
2320
5822
5691
6787
7119
2394
6931
837
4119
2566
2694
7226
4328
1860
5797
4117
2216
2368
1561
5369
5175
7825
5910
4360
5291
7303
587
6267
1843
1549
946
6024
1277
4656
2687
4983
1649
7680
1820
7605
2049
6532
2020
6633
5582
1488
6668
3995
5192
6686
1717
5517
6160
2166
3999
5167
1880
3855
3966
1127
2205
3253
4535
4490
3269
7048
5929
5202
512
1892
7548
2033
1292
5467
1145
6724
3726
2989
6164
2411
7622
6898
3823
3332
5562
6117
1356
7982
1327
5911
1552
580
4641
