1641
1608
696
1620
1675
459
1631
448
561
879
569
879
952
953
1845
960
1925
741
943
683
639
431
632
481
976
539
1463
703
694
699
910
608
1029
598
954
968
1018
970
943
936
1584
1584
1014
976
989
1030
979
952
1075
988
947
984
1002
844
1090
937
1476
2158
2279
414
1467
720
479
1924
609
604
413
584
636
457
541
671
583
425
534
663
447
690
671
499
672
488
402
506
420
512
685
669
514
496
274
939
2165
533
628
859
881
542
1604
1513
974
879
895
897
883
806
721
907
707
1074
907
914
907
907
617
440
982
987
1011
953
959
1466
745
1013
1583
998
527
1458
1004
550
978
1069
968
990
755
1026
708
450
942
841
405
984
1552
1027
1059
1559
699
526
1805
740
1042
1010
877
831
445
1074
975
541
883
544
1446
688
470
1547
514
1009
624
807
1598
646
442
412
984
721
666
563
1566
737
1015
979
1483
554
508
558
775
848
566
822
732
572
1277
878
1000
1544
921
662
742
893
683
1441
1772
942
949
2250
590
862
480
700
1048
1563
490
975
835
834
959
562
850
419
857
758
692
666
787
408
960
969
1456
779
1616
605
1564
168
1569
291
797
962
636
583
245
284
959
421
1021
380
598
577
726
1255
1580
490
1647
487
788
751
398
628
817
1441
973
437
913
630
1536
1002
553
1594
456
775
592
793
1005
433
1035
455
617
1831
649
541
365
1037
1495
1724
821
620
379
604
589
712
344
371
623
566
404
395
804
684
354
307
606
428
615
472
155
410
525
654
358
499
653
352
409
862
1482
680
550
833
799
804
225
195
435
551
1010
384
902
661
259
496
1687
395
552
665
457
872
422
590
571
480
697
199
1664
1408
986
206
440
864
891
1040
648
228
863
1444
586
609
244
