100 100 18
20 22
20 22
20 22
3 11
8 11
12 11
12 11
15 33
15 33
15 33
20 11
20 11
20 11
3 11
8 11
12 11
12 11
15 33
15 33
15 33
20 11
20 11
20 11
3 111
8 111
12 111
12 111
15 33
15 33
15 33
20 22
20 22
20 22
3 111
8 111
12 111
12 111
15 33
15 33
15 33
20 11
20 11
20 11
3 111
8 111
12 111
12 111
15 33
15 33
15 33
20 11
20 11
20 11
3 111
8 111
12 11
12 11
15 33
15 33
15 33
20 11
20 11
20 11
3 111
8 111
12 111
12 111
15 33
15 33
15 33
20 11
20 11
20 11
3 111
8 111
12 111
12 111
15 33
15 33
15 33
20 11
20 11
20 11
3 11
8 11
12 11
12 11
15 33
15 33
15 33
20 111
20 111
20 111
3 11
8 11
12 11
12 11
15 33
15 33
15 33
