100 100
8 9 7 9 11 10 10 12 5 7 8 6 8 12 6 7 10 9 12 7 6 5 7 12 9 8 6 12 13 12 7 9 12 9 10 12 10 9 12 11 6 10 10 13 7 14 6 12 13 7 8 13 12 11 12 13 10 9 11 11 10 14 9 10 5 11 10 7 10 7 12 6 7 11 9 5 12 13 13 11 10 8 11 8 7 9 9 10 9 9 6 11 5 6 6 8 13 8 9 10
3 18 30 57 73 65 5
3 21 62 39 55 81 85
3 41 98 48 18 59 47
3 59 26 73 20 99 55
3 20 73 52 5 92 38
3 7 62 48 81 52 75
3 9 67 24 81 95 74
3 49 17 81 88 85 22
3 6 25 29 20 71 23
3 61 52 83 23 100 65
3 23 74 31 66 41 100
3 59 30 88 47 99 58
3 5 36 37 14 61 49
3 53 30 55 51 96 55
3 6 70 48 3 85 56
3 29 43 30 91 63 23
3 17 40 25 68 46 81
3 11 22 29 78 75 42
3 19 99 47 55 64 20
3 3 48 26 64 43 13
3 43 38 54 75 97 35
3 5 78 37 72 44 15
3 16 39 64 13 98 27
3 55 8 74 93 95 19
3 1 10 59 42 89 84
3 16 66 31 82 36 46
3 2 65 24 81 38 57
3 1 38 77 22 94 94
3 43 31 64 57 69 81
3 39 35 69 41 78 96
3 25 20 86 37 92 95
3 27 79 30 5 98 96
3 18 34 44 37 51 87
3 33 74 46 11 83 30
3 49 10 78 56 93 76
3 44 47 64 39 92 93
3 51 65 78 4 82 11
3 18 65 71 5 81 75
3 52 72 56 88 62 89
3 2 53 21 83 64 97
3 71 100 80 92 93 89
3 4 60 34 84 54 59
3 1 75 29 51 72 31
3 24 31 38 26 46 70
3 28 28 43 8 48 50
3 8 70 82 12 84 57
3 65 45 90 74 94 87
3 2 36 13 90 92 83
3 11 68 51 35 96 8
3 47 8 60 40 70 86
3 13 14 24 71 71 17
3 23 41 66 71 91 43
3 47 52 72 70 83 81
3 35 1 37 68 47 9
3 12 22 37 49 47 11
3 28 46 40 9 64 71
3 3 4 70 50 91 2
3 10 14 38 39 73 34
3 42 22 62 94 95 95
3 10 95 51 67 98 92
3 65 33 93 70 100 60
3 20 14 41 27 44 27
3 20 67 47 81 80 84
3 42 87 43 46 81 78
3 11 31 20 25 38 41
3 49 53 67 53 94 69
3 23 43 29 100 57 32
3 31 36 39 71 56 26
3 10 9 47 84 61 33
3 6 42 13 96 39 62
3 5 22 32 64 99 11
3 6 21 32 19 54 31
3 72 1 87 20 100 22
3 56 34 67 62 95 25
3 21 43 46 1 100 15
3 52 94 56 7 71 61
3 10 92 27 26 79 56
3 14 86 81 97 93 73
3 15 59 39 14 68 73
3 9 99 14 86 69 80
3 58 74 73 96 80 72
3 21 95 63 67 83 54
3 12 66 59 87 96 40
3 6 25 17 56 49 19
3 25 78 30 46 72 54
3 39 98 68 83 87 34
3 5 12 26 66 66 61
3 15 9 23 66 65 10
3 51 6 71 80 97 70
3 26 24 82 74 90 56
3 35 12 96 13 98 93
3 11 13 70 49 98 73
3 36 30 56 5 71 94
3 6 56 35 86 80 25
3 6 89 10 94 47 66
3 19 67 29 25 62 9
3 37 31 55 79 57 77
3 47 73 72 96 75 22
3 4 32 8 100 97 96
3 37 79 69 60 86 87
